START

2016/7/12--14:38:24 0,0,0,0,0,0,0,0,288.63    
2016/7/12--14:38:24 0,0,0,0,0,0,0,0,322.70    
2016/7/12--14:38:24 3,0,3,0,0,0,0,0,323.59    
2016/7/12--14:38:24 0,6,1,0,1,0,0,0,323.23    
2016/7/12--14:38:25 0,0,0,0,0,0,0,0,323.03    
2016/7/12--14:38:25 0,0,0,0,0,0,0,0,301.32    
2016/7/12--14:38:25 0,4,0,0,0,0,0,0,296.18    
2016/7/12--14:38:25 0,0,2,0,0,0,0,0,290.36    
2016/7/12--14:38:26 5,0,7,3,0,0,0,0,285.49    
2016/7/12--14:38:26 0,0,0,0,0,0,0,0,322.67    
2016/7/12--14:38:26 0,0,0,0,0,0,0,1,323.49    
2016/7/12--14:38:26 0,0,0,0,0,0,0,0,324.30    
2016/7/12--14:38:27 0,3,10,0,4,0,0,0,323.11    
2016/7/12--14:38:27 1,0,1,0,0,0,0,0,299.51    
2016/7/12--14:38:27 6,0,0,0,0,0,0,0,297.23    
2016/7/12--14:38:27 0,0,10,4,0,0,0,0,291.34    
2016/7/12--14:38:27 0,0,1,0,2,0,0,0,283.71    
2016/7/12--14:38:28 3,0,0,0,2,0,0,0,322.95    
2016/7/12--14:38:28 0,0,0,0,0,0,0,0,323.30    
2016/7/12--14:38:28 3,0,0,0,2,0,0,0,323.90    
2016/7/12--14:38:28 0,0,0,0,0,0,0,0,323.93    
2016/7/12--14:38:28 0,7,0,0,0,0,0,0,298.84    
2016/7/12--14:38:29 0,0,0,0,0,0,0,0,295.02    
2016/7/12--14:38:29 0,0,4,0,0,0,0,0,291.20    
2016/7/12--14:38:29 0,0,0,0,0,0,0,0,281.18    
2016/7/12--14:38:29 0,8,1,0,0,0,0,0,323.38    
2016/7/12--14:38:30 0,0,0,0,0,0,0,0,323.80    
2016/7/12--14:38:30 2,0,0,0,0,0,0,0,323.71    
2016/7/12--14:38:30 0,4,0,0,0,0,0,0,323.52    
2016/7/12--14:38:30 7,0,0,0,4,0,0,0,298.67    
2016/7/12--14:38:30 0,0,0,0,0,0,0,0,294.65    
2016/7/12--14:38:31 0,0,0,0,0,0,0,0,288.84    
2016/7/12--14:38:31 0,0,0,0,0,1,0,1,272.62    
2016/7/12--14:38:31 2,0,2,0,0,0,1,0,323.72    
2016/7/12--14:38:31 0,0,0,0,0,0,0,0,323.64    
2016/7/12--14:38:31 0,0,0,0,0,0,0,0,323.37    
2016/7/12--14:38:32 0,0,8,0,0,0,0,0,323.26    
2016/7/12--14:38:32 0,0,0,0,0,2,0,0,298.47    
2016/7/12--14:38:32 0,0,0,0,0,0,0,0,293.53    
2016/7/12--14:38:32 0,0,0,0,0,0,0,0,288.22    
2016/7/12--14:38:33 0,0,0,1,0,0,0,0,271.93    
2016/7/12--14:38:33 0,0,0,5,0,0,2,0,323.72    
2016/7/12--14:38:33 0,0,0,0,0,0,0,0,323.54    
2016/7/12--14:38:33 0,0,0,0,0,0,0,0,323.22    
2016/7/12--14:38:33 0,0,7,0,0,1,0,2,323.21    
2016/7/12--14:38:34 0,0,3,0,0,0,0,0,298.30    
2016/7/12--14:38:34 0,0,0,0,0,0,0,0,292.16    
2016/7/12--14:38:34 0,0,0,1,0,0,0,0,287.55    
2016/7/12--14:38:34 2,0,1,0,0,0,0,2,262.52    
2016/7/12--14:38:35 0,0,0,0,0,0,0,0,323.33    
2016/7/12--14:38:35 0,0,0,0,0,0,0,0,324.27    
2016/7/12--14:38:35 0,0,1,0,0,0,0,0,322.95    
2016/7/12--14:38:35 0,0,0,0,0,0,0,1,323.70    
2016/7/12--14:38:35 0,0,0,2,1,0,0,0,293.51    
2016/7/12--14:38:36 0,0,0,0,0,0,1,0,291.48    
2016/7/12--14:38:36 0,0,0,0,0,0,0,0,280.33    
2016/7/12--14:38:36 0,0,2,0,0,0,1,0,245.29    
2016/7/12--14:38:36 9,0,3,0,0,0,0,0,323.43    
0.0  0

STOP

START

2016/7/12--14:38:52 1,1,1,0,3,0,0,0,323.72    
2016/7/12--14:38:52 3,0,1,0,0,0,0,0,323.77    
2016/7/12--14:38:52 0,0,0,0,0,0,0,0,323.53    
2016/7/12--14:38:53 0,0,0,0,0,0,0,0,323.52    
2016/7/12--14:38:53 0,2,0,0,0,0,0,0,297.45    
2016/7/12--14:38:53 0,1,0,0,0,0,0,0,293.89    
2016/7/12--14:38:53 0,0,0,0,0,0,0,0,290.03    
2016/7/12--14:38:54 0,0,0,0,0,0,0,0,280.25    
2016/7/12--14:38:54 0,0,0,2,0,0,0,2,323.13    
2016/7/12--14:38:54 0,0,0,0,2,0,0,0,323.99    
2016/7/12--14:38:54 0,0,0,1,0,0,0,0,323.34    
2016/7/12--14:38:54 0,0,0,0,4,0,0,0,323.85    
2016/7/12--14:38:55 8,3,0,0,0,0,1,0,298.51    
2016/7/12--14:38:55 3,0,0,0,0,0,0,0,295.71    
2016/7/12--14:38:55 0,3,2,0,0,0,0,0,290.91    
2016/7/12--14:38:55 16,0,0,0,0,0,0,0,285.21    
2016/7/12--14:38:55 4,3,0,2,0,0,0,0,323.01    
2016/7/12--14:38:56 0,0,0,0,0,0,0,2,323.49    
2016/7/12--14:38:56 0,0,1,0,0,0,0,0,323.55    
2016/7/12--14:38:56 0,0,0,0,0,0,0,0,323.05    
2016/7/12--14:38:56 2,6,0,0,1,0,0,0,298.51    
2016/7/12--14:38:57 0,0,0,0,0,0,0,0,295.92    
2016/7/12--14:38:57 0,0,0,0,0,0,0,0,292.64    
2016/7/12--14:38:57 1,0,0,0,0,0,0,0,282.28    
2016/7/12--14:38:57 0,2,5,0,0,0,0,0,322.70    
2016/7/12--14:38:57 0,0,7,0,0,0,0,0,323.93    
2016/7/12--14:38:58 0,0,0,0,0,0,0,0,324.14    
2016/7/12--14:38:58 0,0,0,0,0,0,0,0,323.03    
2016/7/12--14:38:58 0,2,0,0,0,0,0,0,297.78    
2016/7/12--14:38:58 0,7,0,1,0,0,0,0,294.11    
2016/7/12--14:38:59 0,0,0,0,0,0,0,0,288.84    
2016/7/12--14:38:59 0,0,0,0,0,0,0,0,275.25    
2016/7/12--14:38:59 4,4,1,0,0,0,0,0,324.19    
2016/7/12--14:38:59 0,0,0,0,0,1,0,0,324.06    
2016/7/12--14:38:59 0,0,0,0,0,0,0,0,323.57    
2016/7/12--14:39:0 0,0,0,0,2,0,0,0,323.27    
2016/7/12--14:39:0 2,0,0,0,4,0,0,0,297.64    
2016/7/12--14:39:0 0,0,0,0,0,0,0,0,292.39    
2016/7/12--14:39:0 0,0,0,0,1,0,0,0,288.50    
2016/7/12--14:39:0 1,0,0,0,3,0,0,0,274.59    
2016/7/12--14:39:1 0,0,0,0,0,0,0,0,322.65    
2016/7/12--14:39:1 0,0,0,0,0,0,0,0,323.93    
2016/7/12--14:39:1 0,0,0,0,0,0,0,0,323.45    
2016/7/12--14:39:1 1,0,0,0,0,0,0,0,323.65    
2016/7/12--14:39:1 0,0,0,0,1,0,0,0,297.64    
2016/7/12--14:39:2 6,0,2,0,0,0,1,0,294.18    
2016/7/12--14:39:2 0,0,0,1,0,0,0,0,288.70    
2016/7/12--14:39:2 0,0,1,1,0,0,1,0,268.38    
2016/7/12--14:39:2 0,0,0,0,0,0,0,0,323.22    
2016/7/12--14:39:3 0,0,1,0,0,0,0,0,323.86    
2016/7/12--14:39:3 0,1,0,0,0,0,0,0,323.66    
2016/7/12--14:39:3 0,0,0,0,0,0,1,0,323.48    
2016/7/12--14:39:3 0,4,0,0,0,0,0,0,297.42    
2016/7/12--14:39:3 7,0,3,0,0,0,0,7,295.21    
2016/7/12--14:39:4 0,1,0,0,0,0,0,0,289.04    
2016/7/12--14:39:4 0,0,1,0,0,0,0,2,279.51    
2016/7/12--14:39:4 0,0,0,0,0,0,0,1,322.79    
2016/7/12--14:39:4 0,0,0,0,0,0,0,3,323.80    
2016/7/12--14:39:5 0,0,0,0,0,0,0,4,323.42    
2016/7/12--14:39:5 0,0,0,0,0,0,0,5,323.45    
2016/7/12--14:39:5 1,8,5,0,0,0,0,0,298.52    
2016/7/12--14:39:5 0,0,0,0,4,0,0,2,295.18    
2016/7/12--14:39:5 0,0,0,0,0,0,0,38,291.78    
2016/7/12--14:39:6 1,1,0,0,0,0,0,109,277.81    
2016/7/12--14:39:6 2,0,0,0,0,0,0,130,322.73    
2016/7/12--14:39:6 0,0,0,0,0,0,0,29,323.67    
2016/7/12--14:39:6 0,0,0,0,0,0,0,0,324.02    
2016/7/12--14:39:7 0,0,3,0,0,0,0,6,302.67    
2016/7/12--14:39:7 0,0,6,0,0,0,0,48,288.40    
2016/7/12--14:39:7 5,0,8,0,0,0,0,50,282.39    
2016/7/12--14:39:7 0,0,0,0,0,0,4,46,281.89    
2016/7/12--14:39:7 0,0,2,0,0,0,0,67,307.65    
2016/7/12--14:39:8 0,0,0,0,0,0,0,67,310.28    
2016/7/12--14:39:8 0,0,1,0,0,0,0,16,312.55    
2016/7/12--14:39:8 4,0,0,0,0,0,0,0,312.80    
2016/7/12--14:39:8 0,0,2,0,0,0,0,0,294.24    
2016/7/12--14:39:8 0,7,1,0,0,0,0,0,289.16    
2016/7/12--14:39:9 0,0,0,15,0,3,0,0,285.53    
2016/7/12--14:39:9 0,0,0,55,0,0,0,0,282.85    
2016/7/12--14:39:9 0,0,0,122,0,0,0,0,308.56    
2016/7/12--14:39:9 0,0,0,96,0,0,0,1,311.38    
2016/7/12--14:39:10 2,0,0,15,0,0,0,0,312.83    
2016/7/12--14:39:10 0,0,8,0,0,0,0,0,310.73    
2016/7/12--14:39:10 0,8,0,28,0,0,0,0,298.77    
2016/7/12--14:39:10 0,0,0,89,0,0,1,0,290.95    
2016/7/12--14:39:11 0,0,0,80,0,0,0,0,286.14    
2016/7/12--14:39:11 0,0,0,29,0,0,0,0,292.55    
2016/7/12--14:39:11 0,0,5,6,0,0,0,0,304.81    
2016/7/12--14:39:11 5,0,3,11,0,0,0,0,310.30    
2016/7/12--14:39:11 10,5,0,0,0,0,0,0,312.21    
2016/7/12--14:39:12 0,27,4,20,0,0,0,0,312.03    
2016/7/12--14:39:12 0,0,0,9,0,0,0,0,301.16    
2016/7/12--14:39:12 0,126,0,0,0,0,0,0,290.73    
2016/7/12--14:39:12 0,140,0,0,0,0,0,0,242.39    
2016/7/12--14:39:12 0,50,0,0,0,0,0,0,282.47    
2016/7/12--14:39:13 0,0,1,8,0,0,0,0,300.99    
2016/7/12--14:39:13 0,2,0,0,0,0,0,0,308.27    
2016/7/12--14:39:13 4,0,6,0,3,0,0,0,324.24    
2016/7/12--14:39:13 0,0,0,0,3,0,0,0,315.91    
2016/7/12--14:39:14 1,0,0,0,0,0,0,1,302.22    
2016/7/12--14:39:14 0,1,0,0,0,0,0,0,292.00    
2016/7/12--14:39:14 8,0,0,0,0,0,0,0,229.10    
2016/7/12--14:39:14 9,2,0,0,0,0,0,1,273.34    
2016/7/12--14:39:14 0,0,0,0,0,0,0,0,296.99    
2016/7/12--14:39:15 0,0,0,0,0,0,0,0,307.41    
2016/7/12--14:39:15 0,0,2,0,0,0,0,0,325.75    
2016/7/12--14:39:15 16,0,0,0,0,0,0,1,320.92    
2016/7/12--14:39:15 0,0,0,0,0,0,0,0,309.01    
2016/7/12--14:39:15 0,0,0,0,0,0,0,0,296.32    
2016/7/12--14:39:16 4,2,0,2,0,0,0,0,212.83    
2016/7/12--14:39:16 14,0,5,0,0,0,0,0,253.58    
2016/7/12--14:39:16 6,0,0,0,0,0,0,0,289.29    
2016/7/12--14:39:16 0,0,0,0,0,0,0,0,303.14    
2016/7/12--14:39:17 0,0,0,0,0,0,0,0,326.32    
10.8  5

STOP

START

2016/7/12--14:41:11 0,0,0,0,0,0,1,0,191.71    
2016/7/12--14:41:11 1,0,0,0,0,0,0,0,207.85    
2016/7/12--14:41:11 0,0,0,0,0,0,0,0,238.02    
2016/7/12--14:41:12 0,0,0,0,2,0,0,0,317.78    
2016/7/12--14:41:12 0,0,0,0,0,0,0,0,321.59    
2016/7/12--14:41:12 0,0,0,0,0,0,0,0,324.41    
2016/7/12--14:41:12 9,3,0,0,3,0,0,0,326.24    
2016/7/12--14:41:13 4,0,0,0,0,0,0,0,214.89    
2016/7/12--14:41:13 2,0,0,0,0,0,0,0,191.57    
2016/7/12--14:41:13 0,1,3,0,0,0,0,0,180.78    
2016/7/12--14:41:13 0,0,0,0,0,0,1,0,183.86    
2016/7/12--14:41:13 2,0,0,0,0,0,0,0,312.21    
2016/7/12--14:41:14 0,0,0,0,0,0,0,1,313.07    
2016/7/12--14:41:14 0,4,0,1,0,0,1,0,314.87    
2016/7/12--14:41:14 0,0,1,0,3,0,0,0,317.70    
2016/7/12--14:41:14 4,0,0,0,0,0,0,0,273.97    
2016/7/12--14:41:15 0,0,0,0,0,0,0,0,266.39    
2016/7/12--14:41:15 0,4,1,0,0,0,0,0,244.62    
2016/7/12--14:41:15 4,4,0,0,0,0,0,0,209.73    
2016/7/12--14:41:15 0,0,0,0,2,0,0,0,311.54    
2016/7/12--14:41:15 13,0,0,0,0,0,0,2,312.35    
2016/7/12--14:41:16 0,3,0,1,3,0,0,0,312.68    
2016/7/12--14:41:16 0,0,0,0,0,0,0,0,313.13    
2016/7/12--14:41:16 0,0,0,0,0,0,0,0,284.28    
2016/7/12--14:41:16 2,0,0,1,0,0,0,0,281.13    
2016/7/12--14:41:16 6,0,11,0,0,0,0,0,279.54    
2016/7/12--14:41:17 2,1,0,0,0,0,0,0,305.35    
2016/7/12--14:41:17 0,0,0,0,0,0,0,0,309.39    
2016/7/12--14:41:17 0,0,0,0,0,0,0,0,310.90    
2016/7/12--14:41:17 7,0,0,0,0,0,0,0,311.38    
2016/7/12--14:41:18 0,0,0,0,0,0,0,0,312.71    
2016/7/12--14:41:18 0,0,0,0,1,0,0,2,300.14    
2016/7/12--14:41:18 0,0,0,0,0,0,0,2,292.86    
2016/7/12--14:41:18 0,0,1,1,0,0,0,0,287.53    
2016/7/12--14:41:18 0,0,2,0,0,2,0,0,259.31    
2016/7/12--14:41:19 0,0,0,4,0,0,0,0,288.35    
2016/7/12--14:41:19 0,3,0,0,0,0,0,0,302.69    
2016/7/12--14:41:19 0,2,0,0,0,0,0,0,307.63    
2016/7/12--14:41:19 0,0,0,0,0,0,0,0,325.47    
2016/7/12--14:41:20 0,0,0,0,0,0,0,0,320.79    
2016/7/12--14:41:20 4,2,10,0,1,0,0,0,312.48    
2016/7/12--14:41:20 0,1,2,0,0,0,0,0,302.94    
2016/7/12--14:41:20 0,0,0,0,0,0,0,0,193.83    
2016/7/12--14:41:20 0,0,0,2,0,0,0,2,212.40    
2016/7/12--14:41:21 0,1,0,0,0,0,0,0,247.42    
2016/7/12--14:41:21 0,1,5,0,0,0,0,0,279.87    
2016/7/12--14:41:21 1,0,0,3,0,0,0,0,322.33    
2016/7/12--14:41:21 2,3,0,0,0,0,0,0,325.26    
2016/7/12--14:41:21 0,0,0,0,0,2,0,0,325.80    
2016/7/12--14:41:22 8,0,0,0,3,0,1,0,324.55    
2016/7/12--14:41:22 0,0,0,0,2,0,0,0,185.75    
2016/7/12--14:41:22 0,2,0,0,0,0,0,0,179.83    
2016/7/12--14:41:22 0,0,0,0,2,0,0,0,184.81    
2016/7/12--14:41:23 0,0,0,0,0,0,1,0,197.36    
2016/7/12--14:41:23 0,0,0,0,0,0,0,0,313.70    
2016/7/12--14:41:23 0,0,0,0,0,0,0,0,315.70    
2016/7/12--14:41:23 2,0,0,0,0,0,0,0,318.62    
2016/7/12--14:41:23 0,0,1,4,2,0,0,0,322.02    
2016/7/12--14:41:24 0,0,0,0,0,0,0,0,261.63    
2016/7/12--14:41:24 0,0,0,0,0,0,0,0,241.31    
2016/7/12--14:41:24 0,0,0,0,1,0,0,0,203.37    
2016/7/12--14:41:24 0,0,0,1,0,0,0,0,183.74    
2016/7/12--14:41:25 0,0,0,0,0,0,0,0,312.77    
2016/7/12--14:41:25 1,0,5,0,0,0,0,0,312.42    
2016/7/12--14:41:25 0,0,0,0,0,0,0,1,312.67    
2016/7/12--14:41:25 10,0,2,0,0,0,0,0,313.20    
2016/7/12--14:41:25 0,0,0,0,0,0,0,0,280.69    
2016/7/12--14:41:26 0,0,0,0,0,0,0,2,278.00    
2016/7/12--14:41:26 4,0,0,0,0,0,0,0,271.66    
2016/7/12--14:41:26 0,0,18,0,0,0,0,0,257.46    
2016/7/12--14:41:26 0,0,0,0,0,0,0,0,311.59    
2016/7/12--14:41:26 0,0,0,0,0,0,0,0,312.45    
2016/7/12--14:41:27 4,5,0,0,0,0,0,0,313.09    
2016/7/12--14:41:27 0,0,0,0,0,0,0,0,312.16    
2016/7/12--14:41:27 0,0,2,0,0,0,0,0,288.52    
2016/7/12--14:41:27 0,1,2,0,0,0,0,0,284.71    
2016/7/12--14:41:28 0,0,0,0,2,0,0,0,281.34    
2016/7/12--14:41:28 0,0,0,0,0,0,1,1,277.96    
2016/7/12--14:41:28 0,0,0,0,0,0,0,0,304.14    
2016/7/12--14:41:28 0,6,0,0,0,0,0,0,309.35    
2016/7/12--14:41:28 8,1,0,1,3,0,0,0,310.99    
2016/7/12--14:41:29 20,0,0,0,0,0,0,1,311.65    
2016/7/12--14:41:29 0,0,0,0,0,0,1,0,313.14    
2016/7/12--14:41:29 0,2,0,0,0,0,0,0,301.16    
2016/7/12--14:41:29 0,0,0,0,0,0,0,0,291.48    
2016/7/12--14:41:30 0,0,0,3,0,0,0,0,286.22    
2016/7/12--14:41:30 2,0,0,0,0,0,0,0,253.47    
2016/7/12--14:41:30 0,0,0,0,0,0,0,0,286.03    
2016/7/12--14:41:30 0,0,0,4,1,0,0,0,300.03    
2016/7/12--14:41:30 3,2,0,0,0,3,0,0,307.45    
2016/7/12--14:41:31 1,0,2,0,0,0,0,0,326.43    
2016/7/12--14:41:31 0,0,0,0,0,0,0,0,323.35    
2016/7/12--14:41:31 0,4,0,0,0,0,0,1,316.88    
2016/7/12--14:41:31 0,0,2,0,4,0,0,0,306.98    
2016/7/12--14:41:31 1,0,0,0,0,0,0,0,188.47    
2016/7/12--14:41:32 0,3,0,0,0,0,0,0,202.29    
2016/7/12--14:41:32 4,0,0,0,0,0,0,0,229.35    
2016/7/12--14:41:32 0,0,0,0,0,0,0,0,264.44    
2016/7/12--14:41:32 0,0,0,0,0,0,0,1,320.89    
2016/7/12--14:41:33 0,0,0,1,0,0,0,0,324.21    
2016/7/12--14:41:33 4,0,6,3,0,0,0,0,326.30    
2016/7/12--14:41:33 0,17,0,0,0,0,0,0,325.93    
2016/7/12--14:41:33 3,0,0,0,0,0,0,0,192.84    
2016/7/12--14:41:33 6,0,2,1,0,0,0,0,184.19    
2016/7/12--14:41:34 14,0,0,1,0,0,0,0,185.63    
2016/7/12--14:41:34 0,0,0,0,0,0,0,1,193.83    
2016/7/12--14:41:34 0,0,3,0,1,0,0,0,313.57    
2016/7/12--14:41:34 0,0,0,2,0,0,0,0,315.59    
2016/7/12--14:41:35 0,0,0,0,0,0,0,1,318.84    
2016/7/12--14:41:35 0,10,0,0,0,0,0,42,275.63    
2016/7/12--14:41:35 0,0,3,2,0,0,1,79,267.06    
2016/7/12--14:41:35 0,4,1,12,3,0,0,91,244.55    
2016/7/12--14:41:35 0,0,7,0,5,0,0,111,206.75    
2016/7/12--14:41:36 0,0,0,0,0,0,0,113,313.47    
2016/7/12--14:41:36 0,0,0,0,1,0,0,121,313.44    
2016/7/12--14:41:36 0,12,0,2,0,1,0,126,313.27    
2016/7/12--14:41:36 0,0,11,9,6,0,3,118,288.11    
2016/7/12--14:41:37 10,0,0,0,0,0,0,19,284.84    
2016/7/12--14:41:37 0,0,0,0,0,0,0,0,280.53    
2016/7/12--14:41:37 6,0,0,1,0,0,0,3,277.28    
2016/7/12--14:41:37 0,0,3,0,1,0,0,0,308.40    
2016/7/12--14:41:37 0,0,0,0,0,0,0,0,310.83    
2016/7/12--14:41:38 0,0,0,3,0,1,0,0,311.04    
2016/7/12--14:41:38 0,0,0,0,0,0,0,0,311.73    
2016/7/12--14:41:38 0,0,0,0,0,0,0,0,305.30    
2016/7/12--14:41:38 24,0,0,0,1,0,0,0,296.16    
2016/7/12--14:41:38 8,4,2,0,0,0,0,0,288.89    
2016/7/12--14:41:39 0,2,0,0,0,0,0,0,284.76    
2016/7/12--14:41:39 0,0,4,1,0,0,0,0,283.86    
2016/7/12--14:41:39 0,0,0,2,0,0,1,0,299.54    
10.8  5

STOP

START

2016/7/12--14:42:6 4,0,5,0,0,0,0,0,288.66    
2016/7/12--14:42:6 0,0,4,0,0,0,0,0,286.14    
2016/7/12--14:42:6 0,0,1,0,0,0,0,0,281.77    
2016/7/12--14:42:7 0,0,0,0,0,0,0,0,297.94    
2016/7/12--14:42:7 0,3,2,0,0,0,0,0,306.99    
2016/7/12--14:42:7 0,0,0,0,0,0,0,0,310.71    
2016/7/12--14:42:7 0,0,0,0,0,0,0,0,311.51    
2016/7/12--14:42:7 0,0,0,0,0,0,0,0,315.44    
2016/7/12--14:42:8 4,0,0,0,0,0,0,0,304.36    
2016/7/12--14:42:8 0,0,3,0,0,0,0,0,294.96    
2016/7/12--14:42:8 0,2,0,0,0,0,1,0,287.99    
2016/7/12--14:42:8 0,0,0,0,0,0,0,0,247.92    
2016/7/12--14:42:9 4,0,10,0,3,0,0,0,279.99    
2016/7/12--14:42:9 2,0,0,0,0,0,0,0,298.69    
2016/7/12--14:42:9 0,0,0,0,0,0,0,2,307.43    
2016/7/12--14:42:9 5,0,0,0,0,0,1,0,326.23    
2016/7/12--14:42:9 0,0,0,0,1,0,0,0,322.05    
2016/7/12--14:42:10 1,0,0,7,0,0,0,0,312.24    
2016/7/12--14:42:10 0,0,0,0,0,0,0,0,300.92    
2016/7/12--14:42:10 2,0,0,0,0,0,0,0,198.42    
2016/7/12--14:42:10 0,0,0,0,0,0,0,0,222.38    
0.0  0

STOP

