START

2016/7/12--14:36:12 7,2,0,0,5,0,0,0,290.57    
2016/7/12--14:36:12 3,9,0,0,0,0,0,0,317.62    
2016/7/12--14:36:12 0,0,0,0,0,0,0,0,326.92    
2016/7/12--14:36:12 0,0,0,0,1,0,0,0,336.54    
2016/7/12--14:36:13 0,0,0,0,0,0,0,0,330.15    
2016/7/12--14:36:13 6,0,0,0,0,0,0,0,321.17    
2016/7/12--14:36:13 1,0,0,0,0,0,0,0,253.03    
2016/7/12--14:36:13 0,1,0,0,0,0,0,0,304.29    
2016/7/12--14:36:13 0,0,8,0,0,0,0,0,322.33    
2016/7/12--14:36:13 0,1,7,0,0,0,3,1,327.64    
2016/7/12--14:36:13 0,0,0,3,2,0,0,0,335.20    
2016/7/12--14:36:13 0,0,0,0,0,0,0,0,328.17    
2016/7/12--14:36:13 0,0,0,0,0,0,0,0,319.28    
2016/7/12--14:36:13 0,0,0,0,0,0,0,0,315.34    
2016/7/12--14:36:13 0,5,0,1,0,0,0,2,311.28    
2016/7/12--14:36:13 0,0,2,0,0,0,0,0,323.45    
2016/7/12--14:36:13 0,0,0,0,0,0,0,0,328.40    
2016/7/12--14:36:13 0,0,0,2,0,0,0,0,329.33    
2016/7/12--14:36:14 5,1,0,0,0,0,0,0,326.45    
2016/7/12--14:36:14 0,0,0,0,0,0,0,0,317.81    
2016/7/12--14:36:14 0,0,0,0,0,0,0,0,314.30    
2016/7/12--14:36:14 0,0,10,0,0,0,0,0,312.38    
2016/7/12--14:36:14 2,0,0,0,0,0,0,0,325.54    
2016/7/12--14:36:14 3,0,0,0,0,0,0,0,328.09    
2016/7/12--14:36:14 5,0,4,0,0,0,0,0,329.18    
2016/7/12--14:36:14 0,0,0,0,0,0,0,1,328.79    
2016/7/12--14:36:14 0,0,0,0,0,0,0,0,317.42    
2016/7/12--14:36:14 0,0,0,1,0,0,0,0,313.61    
2016/7/12--14:36:14 11,0,0,0,0,0,0,0,312.42    
2016/7/12--14:36:14 0,0,0,0,0,0,0,0,310.39    
2016/7/12--14:36:14 0,0,0,0,0,0,0,0,329.08    
2016/7/12--14:36:15 2,0,0,0,0,0,0,0,329.08    
2016/7/12--14:36:15 0,0,0,0,0,0,0,0,328.42    
2016/7/12--14:36:15 0,0,0,0,0,0,1,0,327.84    
2016/7/12--14:36:15 0,0,0,0,0,0,0,0,313.32    
2016/7/12--14:36:16 0,7,0,0,0,0,0,0,310.70    
2016/7/12--14:36:16 0,0,2,0,0,0,0,0,309.89    
2016/7/12--14:36:16 0,0,0,0,0,0,0,0,300.73    
2016/7/12--14:36:16 0,6,0,0,0,0,0,0,328.74    
2016/7/12--14:36:16 0,0,1,0,0,0,0,0,328.30    
2016/7/12--14:36:17 0,0,0,0,0,0,0,0,327.63    
2016/7/12--14:36:17 8,3,0,0,0,0,0,0,328.51    
2016/7/12--14:36:17 7,0,0,0,0,0,0,0,310.25    
2016/7/12--14:36:17 0,0,0,1,0,0,0,0,308.31    
2016/7/12--14:36:18 0,0,0,0,0,0,0,0,287.72    
2016/7/12--14:36:18 3,0,0,0,0,0,1,0,199.63    
2016/7/12--14:36:18 0,8,6,0,0,0,0,1,328.32    
2016/7/12--14:36:18 2,6,0,0,1,0,0,0,327.55    
2016/7/12--14:36:18 1,0,0,0,0,0,0,0,329.69    
2016/7/12--14:36:19 0,0,2,0,0,0,2,0,333.25    
2016/7/12--14:36:19 4,0,0,0,0,0,0,0,305.26    
2016/7/12--14:36:19 0,0,0,3,0,0,0,1,259.45    
2016/7/12--14:36:19 0,0,0,0,0,0,0,0,197.97    
2016/7/12--14:36:19 0,0,0,0,0,0,0,0,197.72    
2016/7/12--14:36:20 4,0,4,0,0,0,0,0,327.98    
2016/7/12--14:36:20 0,0,0,0,0,0,0,0,330.46    
2016/7/12--14:36:20 0,0,0,0,0,0,0,0,335.21    
2016/7/12--14:36:20 0,0,0,0,0,0,0,0,338.13    
2016/7/12--14:36:20 0,0,0,0,0,0,0,0,209.97    
2016/7/12--14:36:21 0,0,3,0,0,0,0,0,197.34    
2016/7/12--14:36:21 0,7,0,0,0,0,0,0,214.91    
2016/7/12--14:36:21 0,0,0,0,0,0,0,0,265.78    
2016/7/12--14:36:21 0,0,0,0,0,0,0,0,332.55    
2016/7/12--14:36:22 0,0,0,0,0,0,0,0,337.02    
2016/7/12--14:36:22 0,0,0,0,1,0,0,0,338.11    
2016/7/12--14:36:22 0,0,0,0,0,0,1,0,333.97    
2016/7/12--14:36:22 0,0,0,0,0,0,0,1,197.18    
2016/7/12--14:36:22 0,0,2,0,0,0,0,0,220.28    
2016/7/12--14:36:23 2,0,1,0,0,0,0,0,283.36    
2016/7/12--14:36:23 0,3,0,0,0,0,0,0,316.71    
2016/7/12--14:36:23 0,0,0,0,0,0,0,0,337.58    
2016/7/12--14:36:23 2,0,0,2,0,0,0,0,337.69    
0.0  0

STOP

START

2016/7/12--14:36:34 4,0,0,0,0,0,0,0,199.80    
2016/7/12--14:36:34 9,0,0,0,0,0,0,0,235.58    
2016/7/12--14:36:34 0,0,0,0,2,0,0,0,330.50    
2016/7/12--14:36:34 1,0,2,0,0,0,0,0,335.35    
2016/7/12--14:36:35 0,0,0,0,0,0,0,0,338.37    
2016/7/12--14:36:35 1,0,0,0,0,0,0,0,336.05    
2016/7/12--14:36:35 0,10,0,0,0,0,0,0,194.37    
2016/7/12--14:36:35 0,0,0,0,0,0,0,0,216.20    
2016/7/12--14:36:35 0,0,0,0,0,0,0,0,276.06    
2016/7/12--14:36:36 0,2,0,0,0,0,0,0,313.31    
2016/7/12--14:36:36 0,0,3,3,0,1,0,0,337.20    
2016/7/12--14:36:36 6,0,11,17,14,2,0,0,337.37    
2016/7/12--14:36:36 6,0,0,53,49,0,0,0,332.11    
2016/7/12--14:36:37 0,0,0,0,43,0,0,0,322.10    
2016/7/12--14:36:37 3,0,18,14,116,0,0,0,246.67    
2016/7/12--14:36:37 0,0,3,73,167,0,0,0,300.26    
2016/7/12--14:36:37 0,0,1,48,156,0,0,0,320.83    
2016/7/12--14:36:38 0,0,0,50,137,0,0,0,337.79    
2016/7/12--14:36:38 0,0,0,50,136,1,0,0,333.16    
2016/7/12--14:36:38 0,4,0,61,154,0,0,0,321.43    
2016/7/12--14:36:38 16,8,3,15,6,0,3,0,216.11    
2016/7/12--14:36:38 0,0,0,0,0,3,0,0,280.81    
2016/7/12--14:36:39 2,29,0,1,0,0,0,0,314.89    
2016/7/12--14:36:39 0,51,8,6,0,0,0,0,323.74    
2016/7/12--14:36:39 4,51,1,16,0,0,0,0,334.41    
2016/7/12--14:36:39 4,0,0,12,0,0,0,0,323.20    
2016/7/12--14:36:39 0,0,14,13,2,0,0,0,311.33    
2016/7/12--14:36:40 0,19,27,30,0,0,0,0,256.73    
2016/7/12--14:36:40 0,0,5,1,0,0,0,0,307.27    
2016/7/12--14:36:40 0,0,16,31,0,0,0,0,320.23    
2016/7/12--14:36:40 1,0,72,61,0,0,0,0,323.30    
2016/7/12--14:36:41 0,0,0,5,0,0,0,1,322.66    
2016/7/12--14:36:41 0,0,0,0,0,0,0,0,308.77    
2016/7/12--14:36:41 0,0,0,0,0,0,0,0,300.94    
2016/7/12--14:36:41 0,0,6,0,1,0,136,0,299.01    
2016/7/12--14:36:41 0,0,0,0,0,0,61,0,316.20    
2016/7/12--14:36:42 0,0,0,0,0,0,0,0,322.31    
0.0  0

STOP

START

2016/7/12--14:36:46 0,0,0,1,0,0,0,1,262.89    
2016/7/12--14:36:46 8,9,0,2,0,0,0,0,196.65    
2016/7/12--14:36:46 6,0,3,0,0,0,0,0,189.89    
2016/7/12--14:36:47 0,0,0,0,0,0,0,0,323.15    
2016/7/12--14:36:47 0,0,0,0,0,0,0,0,325.44    
2016/7/12--14:36:47 1,0,0,0,0,0,0,0,330.84    
2016/7/12--14:36:47 4,0,0,0,0,0,0,0,335.42    
2016/7/12--14:36:48 0,0,0,0,0,0,0,0,212.87    
0.4  4

STOP

