START

2016/7/12--14:36:12  3,0,1,0,0,0,3,131,332.07    
2016/7/12--14:36:12  0,0,0,0,1,0,5,142,333.47    
2016/7/12--14:36:13  0,0,0,0,0,0,0,143,331.08    
2016/7/12--14:36:13  0,0,0,0,0,2,0,143,331.19    
2016/7/12--14:36:13  0,0,1,1,0,0,0,141,327.26    
2016/7/12--14:36:13  0,0,1,0,0,0,0,105,331.46    
2016/7/12--14:36:14  0,0,0,0,0,0,1,46,329.88    
2016/7/12--14:36:14  0,0,0,6,1,0,0,124,325.75    
2016/7/12--14:36:14  0,0,0,0,1,7,0,136,292.42    
2016/7/12--14:36:14  0,0,0,0,0,74,0,130,173.46    
2016/7/12--14:36:14  0,0,0,0,0,103,0,131,185.28    
2016/7/12--14:36:15  1,1,0,0,0,124,0,147,193.46    
2016/7/12--14:36:15  0,0,0,0,0,141,0,145,190.92    
2016/7/12--14:36:15  0,0,0,2,0,147,7,140,193.03    
2016/7/12--14:36:15  0,0,1,1,0,147,0,146,195.27    
2016/7/12--14:36:16  0,3,0,1,0,113,0,123,199.21    
2016/7/12--14:36:16  0,1,0,0,0,43,0,50,206.58    
2016/7/12--14:36:16  0,0,0,0,0,8,6,14,209.18    
2016/7/12--14:36:16  0,0,9,0,0,3,2,7,207.39    
2016/7/12--14:36:16  7,0,0,0,0,63,0,73,190.94    
2016/7/12--14:36:17  4,0,0,0,0,125,0,148,204.42    
2016/7/12--14:36:17  5,0,0,0,0,146,0,165,195.53    
2016/7/12--14:36:17  0,0,0,0,1,35,0,58,237.52    
2016/7/12--14:36:17  0,0,0,1,0,0,1,21,242.44    
2016/7/12--14:36:18  0,0,0,0,0,0,0,30,250.37    
2016/7/12--14:36:18  0,0,0,3,0,0,3,30,253.86    
2016/7/12--14:36:18  0,0,0,0,3,0,0,32,252.90    
2016/7/12--14:36:18  37,0,0,1,0,0,0,36,231.54    
2016/7/12--14:36:18  177,2,0,1,0,0,0,47,252.06    
2016/7/12--14:36:19  221,0,0,0,1,0,3,35,277.25    
2016/7/12--14:36:19  243,0,2,2,0,0,7,31,275.00    
2016/7/12--14:36:19  182,0,0,0,0,0,3,16,263.43    
2016/7/12--14:36:19  197,0,0,0,0,1,0,0,235.94    
2016/7/12--14:36:19  225,0,0,0,0,0,3,0,231.85    
2016/7/12--14:36:20  45,1,0,0,0,1,0,0,235.46    
2016/7/12--14:36:20  26,0,0,2,0,0,0,0,312.98    
2016/7/12--14:36:20  177,0,0,1,2,0,0,10,293.39    
2016/7/12--14:36:20  253,0,0,0,0,0,0,103,288.56    
2016/7/12--14:36:21  306,0,0,5,0,0,0,151,269.68    
2016/7/12--14:36:21  274,0,0,0,0,0,1,153,281.09    
2016/7/12--14:36:21  100,2,2,0,0,2,0,67,289.01    
2016/7/12--14:36:21  17,0,1,0,0,0,3,1,297.24    
2016/7/12--14:36:21  0,0,1,0,0,0,0,4,297.06    
2016/7/12--14:36:22  0,0,0,1,0,0,0,10,275.66    
2016/7/12--14:36:22  0,3,0,0,0,2,1,15,239.59    
2016/7/12--14:36:22  5,0,0,1,0,0,0,15,238.24    
2016/7/12--14:36:22  0,0,3,0,1,0,0,15,236.84    
2016/7/12--14:36:23  1,0,0,0,0,0,3,6,254.67    
2016/7/12--14:36:23  0,0,0,0,0,0,0,0,250.44    
2016/7/12--14:36:23  3,0,0,0,0,0,0,0,254.46    
2016/7/12--14:36:23  0,0,0,3,0,0,0,7,250.66    
2016/7/12--14:36:23  1,0,0,0,0,3,0,0,249.90    
STOP

START

2016/7/12--14:36:34  2,0,0,0,0,0,0,0,250.37    
2016/7/12--14:36:34  0,0,0,0,0,0,0,0,251.58    
2016/7/12--14:36:34  0,0,0,1,0,2,0,0,251.58    
2016/7/12--14:36:35  0,0,3,0,0,0,0,0,250.37    
2016/7/12--14:36:35  0,0,0,0,2,0,0,0,252.25    
2016/7/12--14:36:35  0,1,0,0,0,0,0,0,250.97    
2016/7/12--14:36:35  0,0,0,0,0,0,0,0,250.28    
2016/7/12--14:36:35  0,0,0,0,0,6,0,0,251.20    
2016/7/12--14:36:36  0,0,1,0,0,0,0,0,247.67    
2016/7/12--14:36:36  0,0,0,0,1,0,1,0,250.59    
2016/7/12--14:36:36  0,0,0,0,0,0,0,0,248.66    
2016/7/12--14:36:36  0,0,0,0,2,0,0,2,251.82    
2016/7/12--14:36:37  0,0,0,0,0,0,0,1,251.35    
2016/7/12--14:36:37  0,0,0,0,0,0,0,0,252.60    
2016/7/12--14:36:37  0,3,0,0,0,0,0,0,252.49    
2016/7/12--14:36:37  0,0,1,3,0,0,0,0,249.63    
2016/7/12--14:36:37  0,0,0,0,1,0,1,0,250.37    
2016/7/12--14:36:38  0,0,0,1,0,0,0,0,249.63    
2016/7/12--14:36:38  0,1,0,0,0,0,0,0,250.15    
2016/7/12--14:36:38  0,1,0,1,0,0,0,0,248.99    
2016/7/12--14:36:38  0,0,0,0,0,0,1,0,250.82    
2016/7/12--14:36:38  0,0,0,0,0,0,0,0,250.37    
2016/7/12--14:36:39  3,0,0,0,0,0,0,0,250.44    
2016/7/12--14:36:39  0,0,0,3,0,0,1,0,251.92    
2016/7/12--14:36:39  0,0,0,0,0,0,0,0,249.37    
2016/7/12--14:36:39  0,0,1,0,0,0,0,0,250.89    
2016/7/12--14:36:40  0,0,0,0,1,0,0,0,251.12    
2016/7/12--14:36:40  0,1,0,0,0,0,0,1,248.61    
2016/7/12--14:36:40  0,1,0,3,0,0,0,0,250.13    
2016/7/12--14:36:40  1,0,0,0,1,0,1,0,250.82    
2016/7/12--14:36:40  0,0,0,1,0,1,0,0,252.25    
2016/7/12--14:36:41  3,0,0,0,0,0,0,0,252.25    
2016/7/12--14:36:41  1,0,0,1,0,0,0,0,250.82    
2016/7/12--14:36:41  0,0,0,1,0,2,0,0,249.69    
2016/7/12--14:36:41  0,0,0,0,0,0,1,0,249.15    
2016/7/12--14:36:42  0,0,0,0,1,0,0,0,250.37    
STOP

START

2016/7/12--14:36:46  0,0,0,0,0,0,0,0,249.78    
2016/7/12--14:36:46  0,0,0,0,1,1,0,0,247.87    
2016/7/12--14:36:47  0,0,3,0,0,0,0,0,250.59    
2016/7/12--14:36:47  0,0,0,0,0,2,0,0,250.44    
2016/7/12--14:36:47  0,0,1,0,0,0,0,0,251.58    
2016/7/12--14:36:47  0,0,1,0,0,0,2,0,253.16    
2016/7/12--14:36:47  0,1,0,0,0,0,0,0,251.55    
2016/7/12--14:36:48  0,1,0,0,3,0,0,0,251.26    
STOP

