START

2016/7/12--14:35:22 0,0,0,1,0,0,0,119,323.83    
2016/7/12--14:35:22 2,0,0,0,0,0,0,144,317.10    
2016/7/12--14:35:22 0,1,0,0,0,0,0,168,314.08    
2016/7/12--14:35:22 0,0,0,0,0,1,0,189,312.57    
2016/7/12--14:35:22 0,0,0,0,0,0,0,219,326.62    
2016/7/12--14:35:23 0,0,1,0,0,0,0,230,327.56    
2016/7/12--14:35:23 5,0,0,0,0,0,3,225,327.85    
2016/7/12--14:35:23 0,0,0,0,0,0,0,231,315.56    
2016/7/12--14:35:23 0,0,3,0,0,0,0,248,314.53    
2016/7/12--14:35:23 0,0,0,0,1,0,0,248,313.47    
2016/7/12--14:35:24 0,0,0,0,0,0,0,238,310.57    
2016/7/12--14:35:24 0,0,0,0,0,0,0,195,328.13    
2016/7/12--14:35:24 0,0,4,0,0,0,0,97,327.64    
2016/7/12--14:35:24 0,0,0,1,0,0,0,16,327.66    
2016/7/12--14:35:24 0,1,0,4,0,0,0,2,313.70    
2016/7/12--14:35:25 0,0,0,0,0,0,0,0,311.63    
2016/7/12--14:35:25 2,0,0,0,0,1,0,0,306.85    
2016/7/12--14:35:25 0,6,2,0,0,18,0,0,244.86    
2016/7/12--14:35:25 0,0,0,0,0,30,3,0,327.13    
2016/7/12--14:35:26 0,0,0,0,0,22,5,0,327.49    
2016/7/12--14:35:26 0,0,0,0,0,15,6,0,331.74    
2016/7/12--14:35:26 0,0,0,0,0,0,8,0,336.94    
2016/7/12--14:35:26 3,0,0,0,0,0,0,0,273.57    
2016/7/12--14:35:26 2,0,9,4,0,2,0,0,210.17    
2016/7/12--14:35:27 17,0,0,8,0,4,0,0,227.92    
2016/7/12--14:35:27 0,0,0,1,0,8,0,0,289.64    
2016/7/12--14:35:27 0,0,0,0,0,2,0,0,333.76    
2016/7/12--14:35:27 0,6,0,0,0,1,3,0,337.65    
2016/7/12--14:35:28 0,0,0,0,2,0,2,1,335.42    
2016/7/12--14:35:28 0,0,0,0,3,0,0,0,328.07    
2016/7/12--14:35:28 0,12,0,0,6,0,0,0,235.31    
2016/7/12--14:35:28 6,0,0,0,0,0,0,0,299.34    
2016/7/12--14:35:28 0,0,0,0,3,0,0,0,321.92    
2016/7/12--14:35:29 1,0,0,11,0,0,0,0,328.47    
2016/7/12--14:35:29 1,4,0,0,0,0,1,0,334.49    
2016/7/12--14:35:29 0,1,3,0,2,0,0,0,324.69    
2016/7/12--14:35:29 0,0,0,8,0,0,0,0,317.43    
2016/7/12--14:35:29 0,0,0,47,0,0,0,0,314.28    
2016/7/12--14:35:30 8,0,0,80,0,0,0,0,323.96    
2016/7/12--14:35:30 0,0,3,119,4,0,0,0,328.46    
2016/7/12--14:35:30 0,0,0,158,2,0,0,0,329.96    
2016/7/12--14:35:30 0,0,3,176,0,0,0,0,323.78    
2016/7/12--14:35:31 2,0,0,103,0,0,0,0,316.63    
2016/7/12--14:35:31 5,0,0,0,0,0,0,0,312.82    
0.0  0

STOP

