START

2016/7/12--14:38:24  0,0,0,0,0,1,0,3,250.97    
2016/7/12--14:38:24  0,0,0,0,0,0,0,0,250.66    
2016/7/12--14:38:24  0,1,0,0,0,0,0,0,251.78    
2016/7/12--14:38:25  0,0,0,0,3,0,0,0,252.77    
2016/7/12--14:38:25  0,1,0,0,0,1,0,3,252.64    
2016/7/12--14:38:25  0,0,0,0,0,0,0,0,250.74    
2016/7/12--14:38:25  1,0,0,0,0,0,0,0,251.69    
2016/7/12--14:38:25  0,1,0,3,0,0,0,0,251.41    
2016/7/12--14:38:26  0,0,0,1,0,1,0,0,250.44    
2016/7/12--14:38:26  0,0,0,0,0,0,0,0,250.89    
2016/7/12--14:38:26  0,0,0,0,0,1,0,0,250.89    
2016/7/12--14:38:26  0,0,3,0,0,0,0,0,251.12    
2016/7/12--14:38:27  0,0,0,0,0,1,0,0,253.55    
2016/7/12--14:38:27  0,0,0,0,0,1,0,1,251.97    
2016/7/12--14:38:27  0,0,0,0,0,0,1,0,249.78    
2016/7/12--14:38:27  0,0,0,0,0,1,0,0,251.41    
2016/7/12--14:38:27  0,0,0,0,3,0,0,0,251.87    
2016/7/12--14:38:28  0,0,0,0,0,1,0,2,250.66    
2016/7/12--14:38:28  0,0,0,1,0,0,0,0,250.66    
2016/7/12--14:38:28  2,0,0,0,0,0,0,0,250.74    
2016/7/12--14:38:28  0,0,0,1,0,0,0,0,250.22    
2016/7/12--14:38:28  1,0,0,0,0,2,0,0,252.53    
2016/7/12--14:38:29  0,0,0,0,0,0,0,1,260.23    
2016/7/12--14:38:29  3,0,0,0,0,0,0,1,252.91    
2016/7/12--14:38:29  0,0,0,0,0,0,0,0,276.04    
2016/7/12--14:38:29  0,3,0,0,0,1,0,0,300.26    
2016/7/12--14:38:30  0,0,3,0,0,0,0,18,297.30    
2016/7/12--14:38:30  0,0,0,0,0,0,0,56,292.97    
2016/7/12--14:38:30  0,0,0,0,0,0,0,90,293.22    
2016/7/12--14:38:30  0,0,0,0,0,0,1,106,291.74    
2016/7/12--14:38:30  2,2,0,0,0,0,0,115,292.51    
2016/7/12--14:38:31  0,0,0,0,0,0,0,31,289.45    
2016/7/12--14:38:31  0,1,0,0,3,32,0,9,293.34    
2016/7/12--14:38:31  2,0,0,3,0,98,0,24,288.27    
2016/7/12--14:38:31  3,0,0,0,3,148,7,23,286.95    
2016/7/12--14:38:32  0,0,6,3,0,168,1,42,284.41    
2016/7/12--14:38:32  0,0,6,5,0,170,0,115,282.55    
2016/7/12--14:38:32  0,5,2,0,4,133,0,14,284.17    
2016/7/12--14:38:32  0,0,0,0,3,125,0,6,287.43    
2016/7/12--14:38:32  0,1,0,0,0,119,0,4,280.51    
2016/7/12--14:38:33  1,0,0,2,0,122,41,4,244.93    
2016/7/12--14:38:33  1,0,5,0,0,126,96,0,199.55    
2016/7/12--14:38:33  0,5,0,9,0,124,116,0,183.75    
2016/7/12--14:38:33  0,2,0,0,0,120,128,0,179.53    
2016/7/12--14:38:33  0,0,0,3,0,42,26,0,223.06    
2016/7/12--14:38:34  0,3,0,1,0,0,0,0,222.20    
2016/7/12--14:38:34  2,0,0,0,0,0,0,0,221.74    
2016/7/12--14:38:34  0,0,0,0,0,0,0,0,220.81    
2016/7/12--14:38:34  1,0,0,0,0,1,1,0,222.55    
2016/7/12--14:38:35  0,0,0,0,0,0,0,0,222.38    
2016/7/12--14:38:35  0,0,0,0,0,0,0,0,223.33    
2016/7/12--14:38:35  0,0,0,0,0,1,0,5,222.08    
2016/7/12--14:38:35  0,0,0,0,0,0,0,0,222.64    
2016/7/12--14:38:35  0,3,0,0,0,0,0,0,221.66    
2016/7/12--14:38:36  0,0,0,1,0,0,0,1,220.91    
2016/7/12--14:38:36  0,0,0,3,0,0,3,0,221.95    
2016/7/12--14:38:36  0,0,0,1,0,0,0,0,221.12    
STOP

START

2016/7/12--14:38:52  0,0,1,0,0,0,0,0,223.84    
2016/7/12--14:38:52  0,0,1,0,3,0,0,0,272.38    
2016/7/12--14:38:52  0,0,0,0,0,0,0,1,223.26    
2016/7/12--14:38:52  0,0,0,0,0,0,0,0,223.15    
2016/7/12--14:38:53  0,1,0,0,0,0,0,0,222.96    
2016/7/12--14:38:53  0,0,0,1,0,0,0,0,223.11    
2016/7/12--14:38:53  0,0,0,0,0,0,3,0,222.55    
2016/7/12--14:38:53  0,0,0,0,0,0,0,0,222.64    
2016/7/12--14:38:54  0,0,0,0,0,0,0,0,223.33    
2016/7/12--14:38:54  0,0,2,0,0,0,6,0,222.60    
2016/7/12--14:38:54  0,0,0,0,3,0,0,0,223.33    
2016/7/12--14:38:54  0,0,0,0,0,0,0,3,222.77    
2016/7/12--14:38:54  0,0,0,1,0,0,0,0,222.20    
2016/7/12--14:38:55  3,0,0,0,0,0,0,0,222.60    
2016/7/12--14:38:55  0,0,0,0,0,0,0,0,223.36    
2016/7/12--14:38:55  0,0,0,0,0,0,0,0,221.49    
2016/7/12--14:38:55  0,0,0,0,0,0,0,1,223.07    
2016/7/12--14:38:56  0,0,0,0,1,0,0,0,222.64    
2016/7/12--14:38:56  0,1,0,0,0,0,0,0,223.52    
2016/7/12--14:38:56  0,0,0,0,5,0,0,0,223.77    
2016/7/12--14:38:56  0,0,0,0,0,0,1,0,223.03    
2016/7/12--14:38:56  0,0,0,0,0,0,0,0,224.76    
2016/7/12--14:38:57  3,0,0,0,0,0,0,0,223.03    
2016/7/12--14:38:57  0,2,0,0,0,0,0,0,223.33    
2016/7/12--14:38:57  0,2,0,1,0,0,0,0,222.60    
2016/7/12--14:38:57  1,0,0,1,0,0,0,0,222.85    
2016/7/12--14:38:57  0,0,1,0,0,0,0,0,222.34    
2016/7/12--14:38:58  0,0,0,0,0,0,0,0,223.03    
2016/7/12--14:38:58  0,3,0,0,0,0,0,0,225.68    
2016/7/12--14:38:58  0,0,0,0,1,0,0,0,222.77    
2016/7/12--14:38:58  0,0,0,0,0,0,3,0,223.62    
2016/7/12--14:38:59  0,1,0,0,0,0,0,0,223.11    
2016/7/12--14:38:59  0,0,0,0,0,0,0,0,222.96    
2016/7/12--14:38:59  0,0,4,0,0,0,6,0,223.29    
2016/7/12--14:38:59  0,0,0,0,0,3,0,0,224.22    
2016/7/12--14:38:59  0,0,0,0,0,0,0,0,221.91    
2016/7/12--14:39:0  0,0,0,1,1,0,0,0,223.07    
2016/7/12--14:39:0  0,3,0,0,0,0,0,0,224.06    
2016/7/12--14:39:0  0,0,0,3,0,0,0,0,223.29    
2016/7/12--14:39:0  1,0,0,0,0,1,0,0,223.80    
2016/7/12--14:39:1  0,0,0,0,0,0,0,0,222.85    
2016/7/12--14:39:1  0,0,0,0,0,1,0,0,223.29    
2016/7/12--14:39:1  0,0,3,0,0,0,0,0,221.81    
2016/7/12--14:39:1  0,0,0,0,3,0,0,0,222.12    
2016/7/12--14:39:1  0,1,0,0,0,0,0,3,223.03    
2016/7/12--14:39:2  0,0,0,0,0,0,0,0,222.34    
2016/7/12--14:39:2  3,0,0,0,0,0,0,0,224.73    
2016/7/12--14:39:2  0,0,0,2,0,0,0,0,224.28    
2016/7/12--14:39:2  1,0,0,0,0,2,0,0,223.22    
2016/7/12--14:39:3  0,0,0,0,0,0,0,0,224.28    
2016/7/12--14:39:3  0,0,0,0,0,0,0,0,222.38    
2016/7/12--14:39:3  0,0,3,0,0,0,0,0,221.95    
2016/7/12--14:39:3  0,1,0,0,0,1,0,0,222.08    
2016/7/12--14:39:3  0,0,0,0,0,1,0,3,222.42    
2016/7/12--14:39:4  0,0,0,0,0,0,5,0,223.90    
2016/7/12--14:39:4  1,0,0,0,0,0,0,0,223.93    
2016/7/12--14:39:4  0,0,0,2,0,0,0,0,223.03    
2016/7/12--14:39:4  0,0,0,0,0,4,0,0,223.55    
2016/7/12--14:39:4  0,0,1,0,0,0,0,0,222.77    
2016/7/12--14:39:5  0,0,0,2,0,0,0,0,221.60    
2016/7/12--14:39:5  0,0,2,0,0,0,0,0,222.81    
2016/7/12--14:39:5  0,0,1,0,1,0,0,0,222.81    
2016/7/12--14:39:5  0,0,0,0,0,0,0,4,222.38    
2016/7/12--14:39:6  0,0,0,0,1,0,0,0,223.00    
2016/7/12--14:39:6  0,0,0,0,0,0,0,0,222.85    
2016/7/12--14:39:6  0,0,0,2,0,0,0,3,223.97    
2016/7/12--14:39:6  1,0,0,0,0,0,5,0,224.06    
2016/7/12--14:39:6  0,0,0,0,1,0,0,0,223.52    
2016/7/12--14:39:7  1,0,0,0,2,1,0,1,221.55    
2016/7/12--14:39:7  1,0,3,0,0,0,0,0,222.81    
2016/7/12--14:39:7  0,1,0,0,0,3,0,0,223.48    
2016/7/12--14:39:7  0,0,0,0,0,1,0,2,221.76    
2016/7/12--14:39:8  0,0,0,0,1,0,0,0,223.87    
2016/7/12--14:39:8  0,3,0,0,0,0,0,0,224.09    
2016/7/12--14:39:8  0,0,0,0,0,0,0,0,224.53    
2016/7/12--14:39:8  0,0,0,3,0,0,4,0,223.71    
2016/7/12--14:39:8  0,0,0,1,0,0,0,0,223.80    
2016/7/12--14:39:9  1,0,0,0,0,1,0,0,222.25    
2016/7/12--14:39:9  1,0,1,0,0,0,1,0,223.03    
2016/7/12--14:39:9  0,0,0,0,0,3,0,0,222.60    
2016/7/12--14:39:9  0,1,1,0,5,0,0,3,223.29    
2016/7/12--14:39:9  0,0,0,0,1,0,0,0,223.52    
2016/7/12--14:39:10  0,2,0,0,0,0,0,0,223.84    
2016/7/12--14:39:10  0,0,0,3,0,0,0,0,221.86    
2016/7/12--14:39:10  1,0,0,0,0,0,0,0,224.00    
2016/7/12--14:39:10  0,0,2,0,0,0,0,0,222.34    
2016/7/12--14:39:11  0,0,0,0,2,0,0,0,222.73    
2016/7/12--14:39:11  0,1,0,0,0,0,0,1,222.03    
2016/7/12--14:39:11  0,0,0,0,1,0,0,0,222.55    
2016/7/12--14:39:11  0,0,0,0,1,0,1,0,222.85    
2016/7/12--14:39:11  0,0,0,1,0,0,0,0,223.07    
2016/7/12--14:39:12  0,0,0,0,0,1,0,0,223.52    
2016/7/12--14:39:12  0,0,3,0,0,0,0,0,223.03    
2016/7/12--14:39:12  0,0,1,0,0,0,0,0,225.19    
2016/7/12--14:39:12  0,0,0,0,2,0,0,3,222.77    
2016/7/12--14:39:12  0,0,0,0,0,1,0,0,222.69    
2016/7/12--14:39:13  2,0,0,0,0,0,0,0,223.07    
2016/7/12--14:39:13  1,0,2,0,0,0,0,0,223.52    
2016/7/12--14:39:13  0,3,0,0,3,0,0,0,223.55    
2016/7/12--14:39:13  0,0,0,0,0,0,0,3,221.98    
2016/7/12--14:39:14  0,0,0,1,0,0,0,0,223.26    
2016/7/12--14:39:14  0,0,0,0,0,0,0,0,222.81    
2016/7/12--14:39:14  0,0,0,5,0,0,0,0,225.23    
2016/7/12--14:39:14  0,0,0,0,0,0,0,0,222.89    
2016/7/12--14:39:14  0,0,0,0,0,1,0,2,222.42    
2016/7/12--14:39:15  0,0,0,0,0,0,0,1,222.60    
2016/7/12--14:39:15  0,3,0,0,0,1,0,0,221.81    
2016/7/12--14:39:15  0,0,0,0,3,0,0,0,222.29    
2016/7/12--14:39:15  0,0,0,0,0,0,0,0,223.80    
2016/7/12--14:39:16  0,2,0,0,0,0,0,4,223.87    
2016/7/12--14:39:16  0,0,0,0,1,0,0,0,222.34    
2016/7/12--14:39:16  3,0,0,0,0,1,0,0,223.26    
2016/7/12--14:39:16  0,0,0,0,0,0,0,7,223.55    
2016/7/12--14:39:16  1,0,0,0,0,1,0,0,222.81    
2016/7/12--14:39:17  0,0,2,0,0,0,0,0,223.48    
STOP

START

2016/7/12--14:41:11  0,2,0,0,0,7,1,0,224.22    
2016/7/12--14:41:11  0,0,0,0,0,0,0,0,223.52    
2016/7/12--14:41:11  0,0,0,0,0,0,3,0,223.26    
2016/7/12--14:41:12  0,0,0,1,0,0,0,0,223.33    
2016/7/12--14:41:12  2,0,0,0,0,0,0,0,223.33    
2016/7/12--14:41:12  0,0,0,1,0,0,0,0,222.85    
2016/7/12--14:41:12  0,0,0,0,0,3,0,0,222.81    
2016/7/12--14:41:12  0,0,0,0,0,0,1,0,223.74    
2016/7/12--14:41:13  0,0,0,0,1,0,0,0,224.03    
2016/7/12--14:41:13  0,0,1,0,0,0,0,0,224.25    
2016/7/12--14:41:13  0,0,0,1,0,0,0,0,224.50    
2016/7/12--14:41:13  1,0,0,0,0,0,0,0,222.81    
2016/7/12--14:41:14  0,0,1,0,0,0,1,0,221.70    
2016/7/12--14:41:14  3,0,0,0,0,0,0,0,224.22    
2016/7/12--14:41:14  1,0,1,0,0,0,1,0,223.55    
2016/7/12--14:41:14  0,0,1,0,1,0,0,0,223.36    
2016/7/12--14:41:14  0,0,0,0,0,0,0,0,223.74    
2016/7/12--14:41:15  0,0,0,1,0,0,0,0,223.48    
2016/7/12--14:41:15  3,0,0,0,0,0,0,0,222.34    
2016/7/12--14:41:15  0,0,0,0,0,0,0,0,223.74    
2016/7/12--14:41:15  0,0,0,1,0,2,0,0,224.03    
2016/7/12--14:41:16  1,0,0,0,0,0,0,0,222.51    
2016/7/12--14:41:16  0,0,0,0,0,0,0,0,223.77    
2016/7/12--14:41:16  0,0,1,0,0,0,0,0,222.60    
2016/7/12--14:41:16  0,3,0,0,0,0,0,0,224.03    
2016/7/12--14:41:16  0,0,0,0,0,0,3,0,223.74    
2016/7/12--14:41:17  0,0,0,1,0,0,0,0,224.96    
2016/7/12--14:41:17  0,0,0,0,0,0,0,0,224.96    
2016/7/12--14:41:17  0,0,0,1,0,0,0,0,222.85    
2016/7/12--14:41:17  0,0,0,1,0,3,0,0,222.85    
2016/7/12--14:41:17  0,0,0,0,1,0,0,0,221.74    
2016/7/12--14:41:18  0,0,0,0,1,0,0,0,223.11    
2016/7/12--14:41:18  0,2,0,0,0,0,1,0,224.53    
2016/7/12--14:41:18  0,0,0,0,1,0,0,0,224.73    
2016/7/12--14:41:18  0,0,0,0,1,0,3,0,223.29    
2016/7/12--14:41:19  0,0,0,2,0,0,0,0,223.58    
2016/7/12--14:41:19  3,0,0,0,0,0,0,0,223.62    
2016/7/12--14:41:19  0,0,0,1,0,0,0,0,223.11    
2016/7/12--14:41:19  0,0,0,1,0,3,0,0,223.29    
2016/7/12--14:41:19  0,0,0,0,0,0,0,0,224.28    
2016/7/12--14:41:20  0,0,0,0,0,0,0,0,223.55    
2016/7/12--14:41:20  0,0,0,0,0,0,0,0,224.45    
2016/7/12--14:41:20  0,0,1,0,3,0,0,0,224.96    
2016/7/12--14:41:20  0,1,0,0,0,1,0,3,223.15    
2016/7/12--14:41:21  0,0,0,1,0,0,0,0,222.81    
2016/7/12--14:41:21  0,1,0,0,0,0,1,0,223.26    
2016/7/12--14:41:21  0,0,0,1,0,0,0,0,223.84    
2016/7/12--14:41:21  1,0,3,1,0,4,0,0,223.26    
2016/7/12--14:41:21  0,0,1,0,0,0,0,0,224.00    
2016/7/12--14:41:22  0,0,0,0,1,0,0,0,224.31    
2016/7/12--14:41:22  0,0,2,0,0,1,0,0,224.31    
2016/7/12--14:41:22  0,0,0,0,0,0,0,0,225.43    
2016/7/12--14:41:22  0,0,0,0,0,0,1,0,223.48    
2016/7/12--14:41:23  0,0,0,0,0,0,0,0,222.47    
2016/7/12--14:41:23  0,0,0,0,0,0,0,0,223.26    
2016/7/12--14:41:23  0,1,0,0,0,0,0,0,223.11    
2016/7/12--14:41:23  0,0,0,0,0,0,0,7,223.33    
2016/7/12--14:41:23  0,0,0,0,0,0,0,1,222.85    
2016/7/12--14:41:24  0,0,0,0,0,0,0,0,224.73    
2016/7/12--14:41:24  0,1,0,0,0,0,1,0,224.03    
2016/7/12--14:41:24  0,0,0,1,0,0,0,0,224.48    
2016/7/12--14:41:24  0,0,0,0,0,5,0,0,223.48    
2016/7/12--14:41:24  0,0,1,0,0,0,1,0,223.07    
2016/7/12--14:41:25  0,0,0,0,1,0,1,0,223.33    
2016/7/12--14:41:25  0,0,0,0,0,0,0,0,223.55    
2016/7/12--14:41:25  0,0,0,0,0,0,0,0,224.76    
2016/7/12--14:41:25  0,0,0,0,0,0,2,0,224.73    
2016/7/12--14:41:26  0,0,0,0,0,0,0,0,224.50    
2016/7/12--14:41:26  0,0,0,0,0,1,0,0,223.26    
2016/7/12--14:41:26  0,0,0,0,0,0,0,0,223.74    
2016/7/12--14:41:26  0,0,0,0,2,0,0,0,223.52    
2016/7/12--14:41:26  0,1,0,0,0,0,0,3,222.60    
2016/7/12--14:41:27  0,0,0,2,0,0,0,0,222.51    
2016/7/12--14:41:27  4,0,0,0,7,0,0,0,223.80    
2016/7/12--14:41:27  0,0,0,0,0,0,0,0,223.87    
2016/7/12--14:41:27  0,0,0,0,0,3,0,0,223.80    
2016/7/12--14:41:28  0,1,0,0,0,0,0,3,223.58    
2016/7/12--14:41:28  0,0,0,0,1,0,0,0,223.55    
2016/7/12--14:41:28  0,3,0,0,0,0,0,0,224.00    
2016/7/12--14:41:28  5,0,0,1,0,0,0,0,222.85    
2016/7/12--14:41:28  0,0,0,0,0,0,3,0,223.77    
2016/7/12--14:41:29  0,0,0,1,0,0,0,0,221.44    
2016/7/12--14:41:29  3,0,0,0,0,0,0,0,223.52    
2016/7/12--14:41:29  0,0,0,0,0,0,0,0,224.45    
2016/7/12--14:41:29  0,0,0,0,0,3,0,0,223.74    
2016/7/12--14:41:29  0,1,0,0,2,0,1,0,224.00    
2016/7/12--14:41:30  0,0,0,0,2,0,0,0,223.52    
2016/7/12--14:41:30  0,1,0,0,0,0,0,0,223.07    
2016/7/12--14:41:30  0,0,0,1,1,0,0,0,221.86    
2016/7/12--14:41:30  1,0,0,0,0,0,3,0,223.33    
2016/7/12--14:41:31  0,0,0,0,0,0,0,1,223.45    
2016/7/12--14:41:31  2,0,0,0,0,0,0,0,223.07    
2016/7/12--14:41:31  0,1,1,0,0,0,1,0,224.48    
2016/7/12--14:41:31  0,0,0,0,0,3,0,0,224.98    
2016/7/12--14:41:31  0,0,1,0,0,0,1,0,224.03    
2016/7/12--14:41:32  0,0,0,0,0,0,0,0,223.62    
2016/7/12--14:41:32  0,0,1,0,0,0,0,0,222.85    
2016/7/12--14:41:32  0,0,1,0,3,0,0,0,222.64    
2016/7/12--14:41:32  0,0,0,0,0,0,0,0,223.52    
2016/7/12--14:41:33  0,0,1,0,0,0,0,1,224.73    
2016/7/12--14:41:33  0,0,0,0,0,0,0,1,224.78    
2016/7/12--14:41:33  0,5,0,0,0,0,0,0,226.17    
2016/7/12--14:41:33  0,0,0,0,1,0,0,0,222.81    
2016/7/12--14:41:33  0,0,0,3,0,0,3,0,222.77    
2016/7/12--14:41:34  0,0,0,1,0,0,0,0,223.11    
2016/7/12--14:41:34  4,0,0,0,0,0,0,0,223.29    
2016/7/12--14:41:34  0,0,0,0,0,0,1,0,221.95    
2016/7/12--14:41:34  0,0,0,0,0,0,0,0,223.33    
2016/7/12--14:41:34  0,0,1,0,0,0,0,0,223.84    
2016/7/12--14:41:35  0,0,0,0,0,0,0,0,223.77    
2016/7/12--14:41:35  0,0,1,0,0,0,0,0,223.29    
2016/7/12--14:41:35  0,0,0,0,2,0,0,1,223.22    
2016/7/12--14:41:35  0,1,0,0,3,0,0,3,223.29    
2016/7/12--14:41:36  0,0,0,0,0,0,0,0,222.60    
2016/7/12--14:41:36  1,0,0,0,0,1,0,0,224.06    
2016/7/12--14:41:36  0,0,3,0,0,0,0,0,222.21    
2016/7/12--14:41:36  0,0,0,0,0,3,0,0,223.15    
2016/7/12--14:41:36  0,0,0,0,5,0,0,1,224.25    
2016/7/12--14:41:37  0,0,0,0,0,0,0,0,225.01    
2016/7/12--14:41:37  0,1,0,0,0,0,0,0,223.07    
2016/7/12--14:41:37  0,0,0,0,0,0,0,7,224.09    
2016/7/12--14:41:37  0,1,0,0,0,0,0,0,224.28    
2016/7/12--14:41:38  0,0,0,0,0,1,0,5,221.95    
2016/7/12--14:41:38  0,0,0,1,0,0,0,0,223.07    
2016/7/12--14:41:38  0,0,0,0,0,0,0,0,223.55    
2016/7/12--14:41:38  0,0,3,0,0,0,7,0,223.97    
2016/7/12--14:41:38  0,0,0,1,0,0,0,0,224.09    
2016/7/12--14:41:39  0,0,0,0,0,0,5,0,225.69    
2016/7/12--14:41:39  0,0,0,0,0,0,0,0,223.80    
2016/7/12--14:41:39  0,0,0,0,0,0,0,0,223.97    
2016/7/12--14:41:39  0,0,3,0,0,0,0,0,223.55    
STOP

START

2016/7/12--14:42:6  0,0,0,1,0,0,0,0,43.01    
2016/7/12--14:42:6  0,3,0,0,0,0,0,0,224.25    
2016/7/12--14:42:6  0,0,0,1,0,0,0,0,223.58    
2016/7/12--14:42:6  0,0,0,0,0,0,0,0,224.50    
2016/7/12--14:42:7  0,0,2,0,0,0,0,0,223.33    
2016/7/12--14:42:7  0,0,0,0,0,0,0,0,222.60    
2016/7/12--14:42:7  0,0,1,0,0,0,0,0,222.51    
2016/7/12--14:42:7  0,0,0,0,1,0,0,0,224.76    
2016/7/12--14:42:8  0,1,0,0,0,0,0,4,223.84    
2016/7/12--14:42:8  0,0,1,0,0,0,0,0,223.80    
2016/7/12--14:42:8  0,1,0,0,0,0,0,0,224.73    
2016/7/12--14:42:8  0,1,0,1,0,0,0,0,223.03    
2016/7/12--14:42:8  1,0,0,0,0,0,0,0,223.62    
2016/7/12--14:42:9  0,0,0,0,0,0,0,0,224.73    
2016/7/12--14:42:9  0,0,0,0,0,1,0,0,222.89    
2016/7/12--14:42:9  0,0,1,0,0,0,0,0,222.81    
2016/7/12--14:42:9  0,5,0,0,1,0,0,0,223.33    
2016/7/12--14:42:10  0,1,0,0,0,0,0,3,223.36    
2016/7/12--14:42:10  0,0,0,0,0,0,0,0,224.73    
2016/7/12--14:42:10  0,1,0,0,0,0,1,0,225.91    
2016/7/12--14:42:10  0,0,0,1,0,0,0,0,223.55    
STOP

