START

2016/7/12--14:35:22  0,0,0,0,0,1,0,0,308.06    
2016/7/12--14:35:22  0,0,0,0,0,1,0,3,309.33    
2016/7/12--14:35:22  0,0,0,0,0,0,0,3,309.49    
2016/7/12--14:35:22  0,0,0,0,0,1,0,0,306.31    
2016/7/12--14:35:22  0,0,2,0,2,0,0,0,306.96    
2016/7/12--14:35:23  0,1,0,0,0,0,2,0,301.60    
2016/7/12--14:35:23  0,0,0,0,0,0,0,0,304.97    
2016/7/12--14:35:23  0,3,0,0,1,0,1,0,304.71    
2016/7/12--14:35:23  0,0,0,0,0,0,0,0,308.97    
2016/7/12--14:35:23  1,0,0,0,0,0,0,0,305.45    
2016/7/12--14:35:24  0,0,0,0,1,0,0,0,307.98    
2016/7/12--14:35:24  0,0,0,0,0,1,0,0,306.52    
2016/7/12--14:35:24  0,0,3,0,0,0,0,0,309.34    
2016/7/12--14:35:24  0,0,0,0,0,2,0,0,305.85    
2016/7/12--14:35:25  0,0,1,0,0,1,0,2,306.31    
2016/7/12--14:35:25  0,0,0,0,0,0,0,0,307.17    
2016/7/12--14:35:25  0,3,0,0,0,0,0,0,305.64    
2016/7/12--14:35:25  0,0,0,1,2,0,0,0,307.61    
2016/7/12--14:35:25  0,0,0,0,0,1,2,1,303.86    
2016/7/12--14:35:26  0,0,0,0,0,0,0,1,308.53    
2016/7/12--14:35:26  0,2,0,0,0,0,0,0,307.98    
2016/7/12--14:35:26  3,0,0,0,0,0,0,0,306.73    
2016/7/12--14:35:26  0,0,0,0,2,0,5,0,309.64    
2016/7/12--14:35:26  0,0,0,0,0,0,0,0,306.93    
2016/7/12--14:35:27  5,0,0,0,0,0,0,1,306.73    
2016/7/12--14:35:27  0,0,3,0,0,0,0,0,306.54    
2016/7/12--14:35:27  0,0,0,0,0,1,0,0,307.80    
2016/7/12--14:35:27  0,0,0,0,0,0,0,3,303.88    
2016/7/12--14:35:28  0,0,0,0,0,0,0,0,305.03    
2016/7/12--14:35:28  0,3,0,0,0,0,0,0,308.06    
2016/7/12--14:35:28  3,0,0,3,0,0,0,0,306.52    
2016/7/12--14:35:28  1,0,0,0,0,0,5,0,308.59    
2016/7/12--14:35:28  0,0,0,1,0,0,0,0,308.06    
2016/7/12--14:35:29  3,0,0,0,0,0,0,0,307.73    
2016/7/12--14:35:29  0,0,0,1,0,0,0,0,306.51    
2016/7/12--14:35:29  1,0,0,0,0,0,0,0,304.12    
2016/7/12--14:35:29  0,0,2,0,0,0,0,0,305.67    
2016/7/12--14:35:30  0,0,0,0,0,0,0,0,305.61    
2016/7/12--14:35:30  0,0,5,0,0,0,0,0,306.31    
2016/7/12--14:35:30  0,3,1,1,1,1,0,0,309.33    
2016/7/12--14:35:30  0,0,0,0,0,0,0,2,307.61    
2016/7/12--14:35:30  0,0,0,1,0,0,0,0,311.04    
2016/7/12--14:35:31  0,0,0,0,0,1,0,0,309.03    
STOP

