0.15249634 0.15197754
-1.2200012 1.519989
-0.91500854 1.8239746
-0.91500854 1.8239746
-0.15249634 1.0639954
-0.15249634 1.0639954
-0.457489 0.75997925
-0.457489 0.75997925
0.0 0.3040161
-0.15249634 0.15197754
-0.15249634 0.15197754
0.0 0.0
0.3050232 0.3040161
0.3050232 0.3040161
-0.457489 1.0639954
-0.457489 1.0639954
-0.7625122 0.75997925
0.0 0.0
0.0 0.0
0.15249634 0.15197754
0.15249634 0.15197754
0.15249634 0.15197754
0.15249634 0.15197754
0.15249634 0.15197754
0.15249634 0.15197754
0.15249634 0.15197754
0.7625122 -0.45599365
0.15249634 0.15197754
-0.457489 0.75997925
-0.457489 0.75997925
-0.30499268 0.6080017
-0.30499268 0.6080017
-0.30499268 0.3040161
-0.15249634 0.45599365
-0.15249634 0.45599365
0.3050232 0.3040161
0.3050232 0.3040161
0.15249634 0.15197754
-2.4400024 2.7359924
-2.4400024 2.7359924
-2.5924988 2.584015
-2.5924988 2.584015
-0.30499268 0.3040161
-0.30499268 0.3040161
-0.15249634 0.15197754
-0.15249634 -0.45599365
-0.15249634 -0.45599365
-0.15249634 -0.15200806
-0.7625122 0.75997925
-0.7625122 0.75997925
0.0 1.519989
0.7625122 1.0639954
0.7625122 1.0639954
0.457489 -0.15200806
0.457489 -0.15200806
-0.60998535 0.9120178
-1.2200012 1.2160339
-1.2200012 1.2160339
0.0 0.0
0.0 0.0
0.3050232 0.0
0.0 0.3040161
0.0 0.3040161
-0.15249634 0.45599365
-0.15249634 0.45599365
0.15249634 0.15197754
